monkeyList["Peninsula"]["Hard"]["Standard"] := [ ["dart" , 1143 , 755 ]
                                       , ["ninja" , 1073 , 788 ]
                                       , ["hero" , -1135 , -818 ]
                                       , ["dartling" , -781 , -80 ]
                                       , ["village" , -876 , -177 ]
                                       , ["ace" , -831 , -273 ]
                                       , ["sniper", -777, -177 ] 
                                       , ["dartling" , -889 , -80 ] ]


buildOrder["Peninsula"]["Hard"]["Standard"] := [ [3,0]
                                , [1,1,3,3]
                                , [2,1,1,3,3]
                                , [6,0,1,1,3,1,1]
                                , [7,0,5,1,3,3]
                                , [5,0,1,1,2,2]
                                , [4,0,2,2,3,3,3,3,5]
                                , [2,3,3,3]
                                , [8,0,2,2,3,3,3,3,5]
                                , [7,1,3,3] ]
