/*
monkeyList["Quad"]["Easy"]["Standard"] := [ ["dart" , 880, 258 ]
                                       , ["dart" , 773, 855 ]
                                       , ["boomerang" , 1288, 581 ]
                                       , ["boomerang" , 387, 588 ]
                                       , ["cannon" , 894, 859 ]
                                       , ["cannon" , 775, 262 ] ]


buildOrder["Quad"]["Easy"]["Standard"] := [ [1,1,1,3,3]
                                , [2,1,1,3,3]
                                , [3,1,1,3,3]
                                , [4,1,1,3,3]
                                , [5,1,1,3,3]
                                , [6,1,1,3,3]
                                , [1,3,3]
                                , [2,3,3] 
								, [3,1,1]
                                , [4,1,1]
                                , [5,3,3]
                                , [6,3,3] ]
*/


monkeyList["Quad"]["Easy"]["Standard"] := [ [ "dart" , 881 , 256 ]
                                          , [ "dart" , 1281 , 595 ]
										  , [ "dart" , 774 , 852 ]
										  , [ "dart" , 401 , 545 ]
										  , [ "sub" , 911 , 440 ]
										  , [ "sub" , -708 , -597 ]
										  , [ "buccaneer" , -834 , -560 ] ]
												  
buildOrder["Quad"]["Easy"]["Standard"] := [ [5,1,1,3,3]
										  , [6,BUILD,1,1,3,3]
                                          , [1,3,3]
                                          , [2,3,3]
                                          , [3,3,3]
                                          , [4,3,3]
										  , [7,BUILD,3,2,2,2,3]
										  , [5,3]
										  , [6,3] ]
